version https://git-lfs.github.com/spec/v1
oid sha256:141a1d1080c2043892337b7275e770583a5b417c2e621a44b7fa2ba39e8123d5
size 207328
